0  3.036417
5 1689 194152
1 101 8248 0.382669 0.001361 0.384030
3 101 38250 0.000273 0.049023 0.049296
2 101 8248 0.000617 0.028625 0.029242
0  2.067085
5 1689 194152
1 101 8248 0.061145 0.001184 0.062329
3 101 38250 0.000282 0.048581 0.048863
2 101 8248 0.000634 0.030351 0.030985
0  2.078707
5 1689 194152
1 101 8248 0.061332 0.001206 0.062538
3 101 38250 0.000295 0.048384 0.048679
2 101 8248 0.000615 0.029386 0.030001
0  2.055009
5 1689 194152
1 101 8248 0.060616 0.001113 0.061729
3 101 38250 0.000316 0.053328 0.053644
2 101 8248 0.000627 0.030191 0.030818
0  2.060881
5 1689 194152
1 101 8248 0.061350 0.001183 0.062533
3 101 38250 0.000291 0.048452 0.048743
2 101 8248 0.000628 0.030284 0.030912
0  2.066215
5 1689 194152
1 101 8248 0.062187 0.001293 0.063480
3 101 38250 0.000290 0.048747 0.049037
2 101 8248 0.000627 0.029727 0.030354
0  2.067541
5 1689 194152
1 101 8248 0.061342 0.001224 0.062566
3 101 38250 0.000293 0.048636 0.048929
2 101 8248 0.000602 0.030137 0.030739
0  2.062959
5 1689 194152
1 101 8248 0.061160 0.001276 0.062436
3 101 38250 0.000292 0.047403 0.047695
2 101 8248 0.000626 0.030411 0.031037
0  2.046850
5 1689 194152
1 101 8248 0.060699 0.001257 0.061956
3 101 38250 0.000264 0.047451 0.047715
2 101 8248 0.000640 0.030553 0.031193
0  2.073342
5 1689 194152
1 101 8248 0.060709 0.001194 0.061903
3 101 38250 0.000263 0.047359 0.047622
2 101 8248 0.000628 0.029381 0.030009
0  4.931302
5 3343 433224
1 101 8248 0.060424 0.001167 0.061591
3 101 63460 0.000278 0.079020 0.079298
2 101 8248 0.000620 0.029497 0.030117
0  3.772244
5 3343 433224
1 101 8248 0.060690 0.001166 0.061856
3 101 63460 0.000278 0.078832 0.079110
2 101 8248 0.000627 0.029280 0.029907
0  3.787931
5 3343 433224
1 101 8248 0.060635 0.001145 0.061780
3 101 63460 0.000302 0.086330 0.086632
2 101 8248 0.000605 0.029764 0.030369
0  3.788520
5 3343 433224
1 101 8248 0.062109 0.001250 0.063359
3 101 63460 0.000286 0.081255 0.081541
2 101 8248 0.000661 0.030111 0.030772
0  3.800075
5 3343 433224
1 101 8248 0.062259 0.001273 0.063532
3 101 63460 0.000284 0.079991 0.080275
2 101 8248 0.000654 0.030700 0.031354
0  3.781497
5 3343 433224
1 101 8248 0.062051 0.001316 0.063367
3 101 63460 0.000286 0.079739 0.080025
2 101 8248 0.000622 0.029406 0.030028
0  3.781043
5 3343 433224
1 101 8248 0.061647 0.001275 0.062922
3 101 63460 0.000281 0.079244 0.079525
2 101 8248 0.000635 0.030053 0.030688
0  3.788259
5 3343 433224
1 101 8248 0.063793 0.001288 0.065081
3 101 63460 0.000280 0.079526 0.079806
2 101 8130 0.000622 0.029210 0.029832
0  3.771194
5 3343 433224
1 101 8248 0.063000 0.001283 0.064283
3 101 63460 0.000281 0.080237 0.080518
2 101 8248 0.000643 0.030525 0.031168
0  3.800578
5 3343 433224
1 101 8248 0.061120 0.001263 0.062383
3 101 63460 0.000285 0.079327 0.079612
2 101 8248 0.000656 0.030139 0.030795
0  5.800730
5 4936 601279
1 101 8248 0.061359 0.001153 0.062512
3 101 94009 0.000275 0.116538 0.116813
2 101 8248 0.000632 0.029750 0.030382
0  4.980412
5 4936 601279
1 101 8248 0.060566 0.001186 0.061752
3 101 94009 0.000281 0.123629 0.123910
2 101 8248 0.000636 0.029792 0.030428
0  4.959560
5 4936 601279
1 101 8248 0.061904 0.001233 0.063137
3 101 94009 0.000311 0.117169 0.117480
2 101 8248 0.000634 0.030905 0.031539
0  4.987334
5 4936 601279
1 101 8248 0.061243 0.001199 0.062442
3 101 94009 0.000263 0.115926 0.116189
2 101 8248 0.000634 0.030292 0.030926
0  5.001522
5 4936 601279
1 101 8248 0.060224 0.001153 0.061377
3 101 94009 0.000298 0.116497 0.116795
2 101 8248 0.000645 0.029363 0.030008
0  4.989918
5 4936 601279
1 101 8248 0.060566 0.001142 0.061708
3 101 94009 0.000276 0.123669 0.123945
2 101 8248 0.000633 0.029706 0.030339
0  4.963797
5 4936 601279
1 101 8248 0.061328 0.001210 0.062538
3 101 94009 0.000268 0.115811 0.116079
2 101 8248 0.000627 0.029460 0.030087
0  4.963368
5 4936 601279
1 101 8248 0.060481 0.001222 0.061703
3 101 94009 0.000273 0.116194 0.116467
2 101 8248 0.000607 0.029441 0.030048
0  4.979954
5 4936 601279
1 101 8248 0.061251 0.001263 0.062514
3 101 94009 0.000298 0.123361 0.123659
2 101 8248 0.000629 0.029713 0.030342
0  4.977732
5 4936 601279
1 101 8248 0.060801 0.001248 0.062049
3 101 94009 0.000278 0.115347 0.115625
2 101 8248 0.000630 0.029150 0.029780
