0  2.037402
5 1689 194152
1 11 1021 0.008137 0.000138 0.008275
3 11 4767 0.000035 0.006817 0.006852
2 11 1021 0.000094 0.003816 0.003910
0  2.056034
5 1689 194152
1 11 1021 0.007860 0.000139 0.007999
3 11 4767 0.000029 0.006278 0.006307
2 11 1021 0.000076 0.003679 0.003755
0  2.066935
5 1689 194152
1 11 1021 0.007749 0.000139 0.007888
3 11 4767 0.000029 0.006124 0.006153
2 11 1021 0.000098 0.003888 0.003986
0  2.098079
5 1689 194152
1 11 1021 0.008641 0.000153 0.008794
3 11 4767 0.000032 0.006725 0.006757
2 11 1021 0.000078 0.003806 0.003884
0  2.066247
5 1689 194152
1 11 1021 0.008265 0.000164 0.008429
3 11 4767 0.000029 0.006353 0.006382
2 11 1021 0.000075 0.004014 0.004089
0  2.074663
5 1689 194152
1 11 1021 0.008478 0.000165 0.008643
3 11 4767 0.000045 0.007128 0.007173
2 11 1021 0.000085 0.004453 0.004538
0  2.137104
5 1689 194152
1 11 1021 0.008870 0.000150 0.009020
3 11 4767 0.000034 0.006950 0.006984
2 11 1021 0.000097 0.004656 0.004753
0  2.061614
5 1689 194152
1 11 1021 0.008598 0.000164 0.008762
3 11 4767 0.000043 0.007034 0.007077
2 11 1021 0.000081 0.004684 0.004765
0  2.064628
5 1689 194152
1 11 1021 0.007900 0.000143 0.008043
3 11 4767 0.000034 0.006203 0.006237
2 11 1021 0.000080 0.003857 0.003937
0  2.382905
5 1689 194152
1 11 1021 0.008051 0.000169 0.008220
3 11 4767 0.000031 0.006193 0.006224
2 11 1021 0.000068 0.003760 0.003828
0  3.833413
5 3343 433224
1 11 1021 0.008205 0.000154 0.008359
3 11 7646 0.000027 0.009801 0.009828
2 11 1021 0.000078 0.004049 0.004127
0  3.835326
5 3343 433224
1 11 1021 0.008095 0.000148 0.008243
3 11 7646 0.000029 0.009789 0.009818
2 11 1021 0.000077 0.003847 0.003924
0  3.827857
5 3343 433224
1 11 1021 0.008563 0.000189 0.008752
3 11 7646 0.000033 0.010181 0.010214
2 11 1021 0.000069 0.003838 0.003907
0  3.926105
5 3343 433224
1 11 1021 0.008816 0.000380 0.009196
3 11 7646 0.000029 0.009907 0.009936
2 11 1021 0.000085 0.004205 0.004290
0  3.850250
5 3343 433224
1 11 1021 0.007875 0.000141 0.008016
3 11 7646 0.000030 0.009748 0.009778
2 11 1021 0.000079 0.003865 0.003944
0  3.822902
5 3343 433224
1 11 1021 0.008460 0.000154 0.008614
3 11 7646 0.000029 0.009793 0.009822
2 11 1021 0.000069 0.003852 0.003921
0  3.817652
5 3343 433224
1 11 1021 0.008623 0.000145 0.008768
3 11 7646 0.000028 0.010626 0.010654
2 11 1021 0.000094 0.004378 0.004472
0  3.797813
5 3343 433224
1 11 1021 0.008202 0.000138 0.008340
3 11 7646 0.000030 0.009766 0.009796
2 11 1021 0.000077 0.003706 0.003783
0  3.781330
5 3343 433224
1 11 1021 0.008448 0.000145 0.008593
3 11 7646 0.000030 0.010278 0.010308
2 11 1021 0.000087 0.004563 0.004650
0  3.819426
5 3343 433224
1 11 1021 0.008051 0.000136 0.008187
3 11 7646 0.000029 0.009940 0.009969
2 11 1021 0.000086 0.003870 0.003956
0  5.054674
5 4936 601279
1 11 1021 0.008997 0.000161 0.009158
3 11 10951 0.000045 0.014226 0.014271
2 11 1021 0.000072 0.004221 0.004293
0  5.032130
5 4936 601279
1 11 1021 0.008624 0.000176 0.008800
3 11 10951 0.000029 0.014155 0.014184
2 11 1021 0.000076 0.004056 0.004132
0  5.125258
5 4936 601279
1 11 1021 0.007952 0.000148 0.008100
3 11 10951 0.000032 0.014120 0.014152
2 11 1021 0.000068 0.003823 0.003891
0  5.100727
5 4936 601279
1 11 1021 0.008602 0.000150 0.008752
3 11 10951 0.000031 0.014037 0.014068
2 11 1021 0.000070 0.004142 0.004212
0  5.040576
5 4936 601279
1 11 1021 0.007878 0.000132 0.008010
3 11 10951 0.000029 0.014023 0.014052
2 11 1021 0.000074 0.004173 0.004247
0  5.063360
5 4936 601279
1 11 1021 0.008455 0.000139 0.008594
3 11 10951 0.000034 0.013828 0.013862
2 11 1021 0.000078 0.003896 0.003974
0  5.115931
5 4936 601279
1 11 1021 0.008009 0.000148 0.008157
3 11 10951 0.000031 0.014114 0.014145
2 11 1021 0.000081 0.004008 0.004089
0  5.140455
5 4936 601279
1 11 1021 0.008675 0.000148 0.008823
3 11 10951 0.000039 0.014053 0.014092
2 11 1021 0.000079 0.003813 0.003892
0  5.196666
5 4936 601279
1 11 1021 0.008957 0.000163 0.009120
3 11 10951 0.000030 0.014072 0.014102
2 11 1021 0.000093 0.004594 0.004687
0  5.072069
5 4936 601279
1 11 1021 0.007840 0.000143 0.007983
3 11 10951 0.000030 0.013965 0.013995
2 11 1021 0.000071 0.003752 0.003823
0  5.890376
5 6122 708813
1 11 1021 0.009375 0.000207 0.009582
3 11 13581 0.000030 0.017287 0.017317
2 11 1021 0.000073 0.004315 0.004388
0  5.763592
5 6122 708813
1 11 1021 0.007910 0.000138 0.008048
3 11 13581 0.000030 0.017476 0.017506
2 11 1021 0.000084 0.004106 0.004190
0  5.762144
5 6122 708813
1 11 1021 0.007819 0.000138 0.007957
3 11 13581 0.000028 0.017085 0.017113
2 11 1021 0.000073 0.004187 0.004260
0  5.752901
5 6122 708813
1 11 1021 0.008820 0.000175 0.008995
3 11 13581 0.000033 0.017499 0.017532
2 11 1021 0.000070 0.003779 0.003849
0  5.780675
5 6122 708813
1 11 1021 0.007884 0.000134 0.008018
3 11 13581 0.000031 0.017241 0.017272
2 11 1021 0.000076 0.003889 0.003965
0  5.772743
5 6122 708813
1 11 1021 0.007993 0.000161 0.008154
3 11 13581 0.000027 0.017158 0.017185
2 11 1021 0.000068 0.003849 0.003917
0  5.770072
5 6122 708813
1 11 1021 0.008698 0.000137 0.008835
3 11 13581 0.000029 0.017781 0.017810
2 11 1021 0.000072 0.004260 0.004332
0  5.771694
5 6122 708813
1 11 1021 0.008767 0.000148 0.008915
3 11 13581 0.000028 0.017120 0.017148
2 11 1021 0.000067 0.003957 0.004024
0  5.767576
5 6122 708813
1 11 1021 0.008990 0.000151 0.009141
3 11 13581 0.000029 0.017587 0.017616
2 11 1021 0.000079 0.004626 0.004705
0  5.786144
5 6122 708813
1 11 1021 0.008108 0.000146 0.008254
3 11 13581 0.000030 0.017051 0.017081
2 11 1021 0.000087 0.003762 0.003849
0  5.782254
5 6122 708813
1 101 8248 0.062161 0.001461 0.063622
3 101 113274 0.000314 0.140539 0.140853
2 101 8248 0.000620 0.029400 0.030020
0  5.854587
5 6122 708813
1 101 8248 0.061404 0.001528 0.062932
3 101 113274 0.000270 0.143807 0.144077
2 101 8248 0.000606 0.029539 0.030145
0  5.909456
5 6122 708813
1 101 8248 0.063811 0.001781 0.065592
3 101 113274 0.000274 0.141186 0.141460
2 101 8248 0.000632 0.029996 0.030628
0  5.837826
5 6122 708813
1 101 8248 0.061666 0.001326 0.062992
3 101 113274 0.000283 0.142508 0.142791
2 101 8248 0.000622 0.030628 0.031250
0  5.858884
5 6122 708813
1 101 8248 0.060726 0.001589 0.062315
3 101 113274 0.000272 0.139594 0.139866
2 101 8248 0.000611 0.029483 0.030094
0  5.862010
5 6122 708813
1 101 8248 0.061676 0.001420 0.063096
3 101 113274 0.000279 0.139764 0.140043
2 101 8248 0.000606 0.029288 0.029894
0  5.908334
5 6122 708813
1 101 8248 0.061692 0.001311 0.063003
3 101 113274 0.000270 0.140827 0.141097
2 101 8248 0.000629 0.030397 0.031026
0  5.845869
5 6122 708813
1 101 8248 0.060187 0.001299 0.061486
3 101 113274 0.000278 0.139157 0.139435
2 101 8248 0.000611 0.029062 0.029673
0  5.858614
5 6122 708813
1 101 8248 0.060694 0.001555 0.062249
3 101 113274 0.000270 0.141019 0.141289
2 101 8248 0.000609 0.029542 0.030151
0  5.849939
5 6122 708813
1 101 8248 0.060007 0.001340 0.061347
3 101 113274 0.000275 0.139178 0.139453
2 101 8248 0.000627 0.029340 0.029967
